# Created by Octave 3.2.3, Sun Jun 09 11:44:19 2013 CST <root@apollo-desktop>
# name: login
# type: matrix
# rows: 0
# columns: 0
# name: password
# type: matrix
# rows: 0
# columns: 0
